6229
2206
9996
7083
2832
2747
7609
8859
2819
1219
6340
2851
7891
7660
3063
9908
1316
5640
8471
4975
8732
1478
3244
3766
2068
7561
7975
1007
3991
8323
2444
7339
3989
5757
5251
5313
7481
6837
9705
9756
3153
8366
4988
9894
7018
8520
7486
4696
8191
4815
3659
7722
6929
7297
9880
7630
1927
7526
5054
5498
9124
4494
1513
7902
9163
1216
5046
5552
6839
6014
3457
4328
3710
7596
9208
8935
4281
7397
3462
9852
4833
1473
7579
8685
1912
4790
8809
7058
4307
7599
1145
5562
3254
2693
3432
1967
9163
3101
4398
1029
9229
